Model application/Raster_10km.asc
NCOLS 240 
NROWS 328 
XLLCORNER -820443.174424995 
YLLCORNER -1234728.48474026 
CELLSIZE 10000 
NODATA_value -9999 
[rows 174 to 202 of 328, columns 67 to 133 of 240]
3041828 3041829 3041830 3041831 3041832 3041833 3041834 3041835 3041836 3041837 3041838 3041839 3041840 3041841 3041842 3041843 3041844 3041845 3041846 3041847 3041848 3041849 3041850 3041851 3041852 3041853 3041854 3041855 3041856 3041857 3041858 3041859 3041860 3041861 3041862 3041863 3041864 3041865 3041866 3041867 3041868 3041869 3041870 3041871 3041872 3041873 3041874 3041875 3041876 3041877 3041878 3041879 3041880 3041881 3041882 3041883 3041884 3041885 3041886 3041887 3041888 3041889 3041890 3041891 3041892 3041893 3041894
3042068 3042069 3042070 3042071 3042072 3042073 3042074 3042075 3042076 3042077 3042078 3042079 3042080 3042081 3042082 3042083 3042084 3042085 3042086 3042087 3042088 3042089 3042090 3042091 3042092 3042093 3042094 3042095 3042096 3042097 3042098 3042099 3042100 3042101 3042102 3042103 3042104 3042105 3042106 3042107 3042108 3042109 3042110 3042111 3042112 3042113 3042114 3042115 3042116 3042117 3042118 3042119 3042120 3042121 3042122 3042123 3042124 3042125 3042126 3042127 3042128 3042129 3042130 3042131 3042132 3042133 3042134
3042308 3042309 3042310 3042311 3042312 3042313 3042314 3042315 3042316 3042317 3042318 3042319 3042320 3042321 3042322 3042323 3042324 3042325 3042326 3042327 3042328 3042329 3042330 3042331 3042332 3042333 3042334 3042335 3042336 3042337 3042338 3042339 3042340 3042341 3042342 3042343 3042344 3042345 3042346 3042347 3042348 3042349 3042350 3042351 3042352 3042353 3042354 3042355 3042356 3042357 3042358 3042359 3042360 3042361 3042362 3042363 3042364 3042365 3042366 3042367 3042368 3042369 3042370 3042371 3042372 3042373 3042374
3042548 3042549 3042550 3042551 3042552 3042553 3042554 3042555 3042556 3042557 3042558 3042559 3042560 3042561 3042562 3042563 3042564 3042565 3042566 3042567 3042568 3042569 3042570 3042571 3042572 3042573 3042574 3042575 3042576 3042577 3042578 3042579 3042580 3042581 3042582 3042583 3042584 3042585 3042586 3042587 3042588 3042589 3042590 3042591 3042592 3042593 3042594 3042595 3042596 3042597 3042598 3042599 3042600 3042601 3042602 3042603 3042604 3042605 3042606 3042607 3042608 3042609 3042610 3042611 3042612 3042613 3042614
3042788 3042789 3042790 3042791 3042792 3042793 3042794 3042795 3042796 3042797 3042798 3042799 3042800 3042801 3042802 3042803 3042804 3042805 3042806 3042807 3042808 3042809 3042810 3042811 3042812 3042813 3042814 3042815 3042816 3042817 3042818 3042819 3042820 3042821 3042822 3042823 3042824 3042825 3042826 3042827 3042828 3042829 3042830 3042831 3042832 3042833 3042834 3042835 3042836 3042837 3042838 3042839 3042840 3042841 3042842 3042843 3042844 3042845 3042846 3042847 3042848 3042849 3042850 3042851 3042852 3042853 3042854
3043028 3043029 3043030 3043031 3043032 3043033 3043034 3043035 3043036 3043037 3043038 3043039 3043040 3043041 3043042 3043043 3043044 3043045 3043046 3043047 3043048 3043049 3043050 3043051 3043052 3043053 3043054 3043055 3043056 3043057 3043058 3043059 3043060 3043061 3043062 3043063 3043064 3043065 3043066 3043067 3043068 3043069 3043070 3043071 3043072 3043073 3043074 3043075 3043076 3043077 3043078 3043079 3043080 3043081 3043082 3043083 3043084 3043085 3043086 3043087 3043088 3043089 3043090 3043091 3043092 3043093 3043094
3043268 3043269 3043270 3043271 3043272 3043273 3043274 3043275 3043276 3043277 3043278 3043279 3043280 3043281 3043282 3043283 3043284 3043285 3043286 3043287 3043288 3043289 3043290 3043291 3043292 3043293 3043294 3043295 3043296 3043297 3043298 3043299 3043300 3043301 3043302 3043303 3043304 3043305 3043306 3043307 3043308 3043309 3043310 3043311 3043312 3043313 3043314 3043315 3043316 3043317 3043318 3043319 3043320 3043321 3043322 3043323 3043324 3043325 3043326 3043327 3043328 3043329 3043330 3043331 3043332 3043333 3043334
3043508 3043509 3043510 3043511 3043512 3043513 3043514 3043515 3043516 3043517 3043518 3043519 3043520 3043521 3043522 3043523 3043524 3043525 3043526 3043527 3043528 3043529 3043530 3043531 3043532 3043533 3043534 3043535 3043536 3043537 3043538 3043539 3043540 3043541 3043542 3043543 3043544 3043545 3043546 3043547 3043548 3043549 3043550 3043551 3043552 3043553 3043554 3043555 3043556 3043557 3043558 3043559 3043560 3043561 3043562 3043563 3043564 3043565 3043566 3043567 3043568 3043569 3043570 3043571 3043572 3043573 3043574
3043748 3043749 3043750 3043751 3043752 3043753 3043754 3043755 3043756 3043757 3043758 3043759 3043760 3043761 3043762 3043763 3043764 3043765 3043766 3043767 3043768 3043769 3043770 3043771 3043772 3043773 3043774 3043775 3043776 3043777 3043778 3043779 3043780 3043781 3043782 3043783 3043784 3043785 3043786 3043787 3043788 3043789 3043790 3043791 3043792 3043793 3043794 3043795 3043796 3043797 3043798 3043799 3043800 3043801 3043802 3043803 3043804 3043805 3043806 3043807 3043808 3043809 3043810 3043811 3043812 3043813 3043814
3043988 3043989 3043990 3043991 3043992 3043993 3043994 3043995 3043996 3043997 3043998 3043999 3044000 3044001 3044002 3044003 3044004 3044005 3044006 3044007 3044008 3044009 3044010 3044011 3044012 3044013 3044014 3044015 3044016 3044017 3044018 3044019 3044020 3044021 3044022 3044023 3044024 3044025 3044026 3044027 3044028 3044029 3044030 3044031 3044032 3044033 3044034 3044035 3044036 3044037 3044038 3044039 3044040 3044041 3044042 3044043 3044044 3044045 3044046 3044047 3044048 3044049 3044050 3044051 3044052 3044053 3044054
3044228 3044229 3044230 3044231 3044232 3044233 3044234 3044235 3044236 3044237 3044238 3044239 3044240 3044241 3044242 3044243 3044244 3044245 3044246 3044247 3044248 3044249 3044250 3044251 3044252 3044253 3044254 3044255 3044256 3044257 3044258 3044259 3044260 3044261 3044262 3044263 3044264 3044265 3044266 3044267 3044268 3044269 3044270 3044271 3044272 3044273 3044274 3044275 3044276 3044277 3044278 3044279 3044280 3044281 3044282 3044283 3044284 3044285 3044286 3044287 3044288 3044289 3044290 3044291 3044292 3044293 3044294
3044468 3044469 3044470 3044471 3044472 3044473 3044474 3044475 3044476 3044477 3044478 3044479 3044480 3044481 3044482 3044483 3044484 3044485 3044486 3044487 3044488 3044489 3044490 3044491 3044492 3044493 3044494 3044495 3044496 3044497 3044498 3044499 3044500 3044501 3044502 3044503 3044504 3044505 3044506 3044507 3044508 3044509 3044510 3044511 3044512 3044513 3044514 3044515 3044516 3044517 3044518 3044519 3044520 3044521 3044522 3044523 3044524 3044525 3044526 3044527 3044528 3044529 3044530 3044531 3044532 3044533 3044534
3044708 3044709 3044710 3044711 3044712 3044713 3044714 3044715 3044716 3044717 3044718 3044719 3044720 3044721 3044722 3044723 3044724 3044725 3044726 3044727 3044728 3044729 3044730 3044731 3044732 3044733 3044734 3044735 3044736 3044737 3044738 3044739 3044740 3044741 3044742 3044743 3044744 3044745 3044746 3044747 3044748 3044749 3044750 3044751 3044752 3044753 3044754 3044755 3044756 3044757 3044758 3044759 3044760 3044761 3044762 3044763 3044764 3044765 3044766 3044767 3044768 3044769 3044770 3044771 3044772 3044773 3044774
3044948 3044949 3044950 3044951 3044952 3044953 3044954 3044955 3044956 3044957 3044958 3044959 3044960 3044961 3044962 3044963 3044964 3044965 3044966 3044967 3044968 3044969 3044970 3044971 3044972 3044973 3044974 3044975 3044976 3044977 3044978 3044979 3044980 3044981 3044982 3044983 3044984 3044985 3044986 3044987 3044988 3044989 3044990 3044991 3044992 3044993 3044994 3044995 3044996 3044997 3044998 3044999 3045000 3045001 3045002 3045003 3045004 3045005 3045006 3045007 3045008 3045009 3045010 3045011 3045012 3045013 3045014
3045188 3045189 3045190 3045191 3045192 3045193 3045194 3045195 3045196 3045197 3045198 3045199 3045200 3045201 3045202 3045203 3045204 3045205 3045206 3045207 3045208 3045209 3045210 3045211 3045212 3045213 3045214 3045215 3045216 3045217 3045218 3045219 3045220 3045221 3045222 3045223 3045224 3045225 3045226 3045227 3045228 3045229 3045230 3045231 3045232 3045233 3045234 3045235 3045236 3045237 3045238 3045239 3045240 3045241 3045242 3045243 3045244 3045245 3045246 3045247 3045248 3045249 3045250 3045251 3045252 3045253 3045254
3045428 3045429 3045430 3045431 3045432 3045433 3045434 3045435 3045436 3045437 3045438 3045439 3045440 3045441 3045442 3045443 3045444 3045445 3045446 3045447 3045448 3045449 3045450 3045451 3045452 3045453 3045454 3045455 3045456 3045457 3045458 3045459 3045460 3045461 3045462 3045463 3045464 3045465 3045466 3045467 3045468 3045469 3045470 3045471 3045472 3045473 3045474 3045475 3045476 3045477 3045478 3045479 3045480 3045481 3045482 3045483 3045484 3045485 3045486 3045487 3045488 3045489 3045490 3045491 3045492 3045493 3045494
3045668 3045669 3045670 3045671 3045672 3045673 3045674 3045675 3045676 3045677 3045678 3045679 3045680 3045681 3045682 3045683 3045684 3045685 3045686 3045687 3045688 3045689 3045690 3045691 3045692 3045693 3045694 3045695 3045696 3045697 3045698 3045699 3045700 3045701 3045702 3045703 3045704 3045705 3045706 3045707 3045708 3045709 3045710 3045711 3045712 3045713 3045714 3045715 3045716 3045717 3045718 3045719 3045720 3045721 3045722 3045723 3045724 3045725 3045726 3045727 3045728 3045729 3045730 3045731 3045732 3045733 3045734
3045908 3045909 3045910 3045911 3045912 3045913 3045914 3045915 3045916 3045917 3045918 3045919 3045920 3045921 3045922 3045923 3045924 3045925 3045926 3045927 3045928 3045929 3045930 3045931 3045932 3045933 3045934 3045935 3045936 3045937 3045938 3045939 3045940 3045941 3045942 3045943 3045944 3045945 3045946 3045947 3045948 3045949 3045950 3045951 3045952 3045953 3045954 3045955 3045956 3045957 3045958 3045959 3045960 3045961 3045962 3045963 3045964 3045965 3045966 3045967 3045968 3045969 3045970 3045971 3045972 3045973 3045974
3046148 3046149 3046150 3046151 3046152 3046153 3046154 3046155 3046156 3046157 3046158 3046159 3046160 3046161 3046162 3046163 3046164 3046165 3046166 3046167 3046168 3046169 3046170 3046171 3046172 3046173 3046174 3046175 3046176 3046177 3046178 3046179 3046180 3046181 3046182 3046183 3046184 3046185 3046186 3046187 3046188 3046189 3046190 3046191 3046192 3046193 3046194 3046195 3046196 3046197 3046198 3046199 3046200 3046201 3046202 3046203 3046204 3046205 3046206 3046207 3046208 3046209 3046210 3046211 3046212 3046213 3046214
3046388 3046389 3046390 3046391 3046392 3046393 3046394 3046395 3046396 3046397 3046398 3046399 3046400 3046401 3046402 3046403 3046404 3046405 3046406 3046407 3046408 3046409 3046410 3046411 3046412 3046413 3046414 3046415 3046416 3046417 3046418 3046419 3046420 3046421 3046422 3046423 3046424 3046425 3046426 3046427 3046428 3046429 3046430 3046431 3046432 3046433 3046434 3046435 3046436 3046437 3046438 3046439 3046440 3046441 3046442 3046443 3046444 3046445 3046446 3046447 3046448 3046449 3046450 3046451 3046452 3046453 3046454
3046628 3046629 3046630 3046631 3046632 3046633 3046634 3046635 3046636 3046637 3046638 3046639 3046640 3046641 3046642 3046643 3046644 3046645 3046646 3046647 3046648 3046649 3046650 3046651 3046652 3046653 3046654 3046655 3046656 3046657 3046658 3046659 3046660 3046661 3046662 3046663 3046664 3046665 3046666 3046667 3046668 3046669 3046670 3046671 3046672 3046673 3046674 3046675 3046676 3046677 3046678 3046679 3046680 3046681 3046682 3046683 3046684 3046685 3046686 3046687 3046688 3046689 3046690 3046691 3046692 3046693 3046694
3046868 3046869 3046870 3046871 3046872 3046873 3046874 3046875 3046876 3046877 3046878 3046879 3046880 3046881 3046882 3046883 3046884 3046885 3046886 3046887 3046888 3046889 3046890 3046891 3046892 3046893 3046894 3046895 3046896 3046897 3046898 3046899 3046900 3046901 3046902 3046903 3046904 3046905 3046906 3046907 3046908 3046909 3046910 3046911 3046912 3046913 3046914 3046915 3046916 3046917 3046918 3046919 3046920 3046921 3046922 3046923 3046924 3046925 3046926 3046927 3046928 3046929 3046930 3046931 3046932 3046933 3046934
3047108 3047109 3047110 3047111 3047112 3047113 3047114 3047115 3047116 3047117 3047118 3047119 3047120 3047121 3047122 3047123 3047124 3047125 3047126 3047127 3047128 3047129 3047130 3047131 3047132 3047133 3047134 3047135 3047136 3047137 3047138 3047139 3047140 3047141 3047142 3047143 3047144 3047145 3047146 3047147 3047148 3047149 3047150 3047151 3047152 3047153 3047154 3047155 3047156 3047157 3047158 3047159 3047160 3047161 3047162 3047163 3047164 3047165 3047166 3047167 3047168 3047169 3047170 3047171 3047172 3047173 3047174
3047348 3047349 3047350 3047351 3047352 3047353 3047354 3047355 3047356 3047357 3047358 3047359 3047360 3047361 3047362 3047363 3047364 3047365 3047366 3047367 3047368 3047369 3047370 3047371 3047372 3047373 3047374 3047375 3047376 3047377 3047378 3047379 3047380 3047381 3047382 3047383 3047384 3047385 3047386 3047387 3047388 3047389 3047390 3047391 3047392 3047393 3047394 3047395 3047396 3047397 3047398 3047399 3047400 3047401 3047402 3047403 3047404 3047405 3047406 3047407 3047408 3047409 3047410 3047411 3047412 3047413 3047414
3047588 3047589 3047590 3047591 3047592 3047593 3047594 3047595 3047596 3047597 3047598 3047599 3047600 3047601 3047602 3047603 3047604 3047605 3047606 3047607 3047608 3047609 3047610 3047611 3047612 3047613 3047614 3047615 3047616 3047617 3047618 3047619 3047620 3047621 3047622 3047623 3047624 3047625 3047626 3047627 3047628 3047629 3047630 3047631 3047632 3047633 3047634 3047635 3047636 3047637 3047638 3047639 3047640 3047641 3047642 3047643 3047644 3047645 3047646 3047647 3047648 3047649 3047650 3047651 3047652 3047653 3047654
3047828 3047829 3047830 3047831 3047832 3047833 3047834 3047835 3047836 3047837 3047838 3047839 3047840 3047841 3047842 3047843 3047844 3047845 3047846 3047847 3047848 3047849 3047850 3047851 3047852 3047853 3047854 3047855 3047856 3047857 3047858 3047859 3047860 3047861 3047862 3047863 3047864 3047865 3047866 3047867 3047868 3047869 3047870 3047871 3047872 3047873 3047874 3047875 3047876 3047877 3047878 3047879 3047880 3047881 3047882 3047883 3047884 3047885 3047886 3047887 3047888 3047889 3047890 3047891 3047892 3047893 3047894
3048068 3048069 3048070 3048071 3048072 3048073 3048074 3048075 3048076 3048077 3048078 3048079 3048080 3048081 3048082 3048083 3048084 3048085 3048086 3048087 3048088 3048089 3048090 3048091 3048092 3048093 3048094 3048095 3048096 3048097 3048098 3048099 3048100 3048101 3048102 3048103 3048104 3048105 3048106 3048107 3048108 3048109 3048110 3048111 3048112 3048113 3048114 3048115 3048116 3048117 3048118 3048119 3048120 3048121 3048122 3048123 3048124 3048125 3048126 3048127 3048128 3048129 3048130 3048131 3048132 3048133 3048134
3048308 3048309 3048310 3048311 3048312 3048313 3048314 3048315 3048316 3048317 3048318 3048319 3048320 3048321 3048322 3048323 3048324 3048325 3048326 3048327 3048328 3048329 3048330 3048331 3048332 3048333 3048334 3048335 3048336 3048337 3048338 3048339 3048340 3048341 3048342 3048343 3048344 3048345 3048346 3048347 3048348 3048349 3048350 3048351 3048352 3048353 3048354 3048355 3048356 3048357 3048358 3048359 3048360 3048361 3048362 3048363 3048364 3048365 3048366 3048367 3048368 3048369 3048370 3048371 3048372 3048373 3048374
3048548 3048549 3048550 3048551 3048552 3048553 3048554 3048555 3048556 3048557 3048558 3048559 3048560 3048561 3048562 3048563 3048564 3048565 3048566 3048567 3048568 3048569 3048570 3048571 3048572 3048573 3048574 3048575 3048576 3048577 3048578 3048579 3048580 3048581 3048582 3048583 3048584 3048585 3048586 3048587 3048588 3048589 3048590 3048591 3048592 3048593 3048594 3048595 3048596 3048597 3048598 3048599 3048600 3048601 3048602 3048603 3048604 3048605 3048606 3048607 3048608 3048609 3048610 3048611 3048612 3048613 3048614
