Model application/Raster_10km.asc
NCOLS 240 
NROWS 328 
XLLCORNER -820443.174424995 
YLLCORNER -1234728.48474026 
CELLSIZE 10000 
NODATA_value -9999 
[rows 116 to 144 of 328, columns 0 to 66 of 240]
3027841 3027842 3027843 3027844 3027845 3027846 3027847 3027848 3027849 3027850 3027851 3027852 3027853 3027854 3027855 3027856 3027857 3027858 3027859 3027860 3027861 3027862 3027863 3027864 3027865 3027866 3027867 3027868 3027869 3027870 3027871 3027872 3027873 3027874 3027875 3027876 3027877 3027878 3027879 3027880 3027881 3027882 3027883 3027884 3027885 3027886 3027887 3027888 3027889 3027890 3027891 3027892 3027893 3027894 3027895 3027896 3027897 3027898 3027899 3027900 3027901 3027902 3027903 3027904 3027905 3027906 3027907
3028081 3028082 3028083 3028084 3028085 3028086 3028087 3028088 3028089 3028090 3028091 3028092 3028093 3028094 3028095 3028096 3028097 3028098 3028099 3028100 3028101 3028102 3028103 3028104 3028105 3028106 3028107 3028108 3028109 3028110 3028111 3028112 3028113 3028114 3028115 3028116 3028117 3028118 3028119 3028120 3028121 3028122 3028123 3028124 3028125 3028126 3028127 3028128 3028129 3028130 3028131 3028132 3028133 3028134 3028135 3028136 3028137 3028138 3028139 3028140 3028141 3028142 3028143 3028144 3028145 3028146 3028147
3028321 3028322 3028323 3028324 3028325 3028326 3028327 3028328 3028329 3028330 3028331 3028332 3028333 3028334 3028335 3028336 3028337 3028338 3028339 3028340 3028341 3028342 3028343 3028344 3028345 3028346 3028347 3028348 3028349 3028350 3028351 3028352 3028353 3028354 3028355 3028356 3028357 3028358 3028359 3028360 3028361 3028362 3028363 3028364 3028365 3028366 3028367 3028368 3028369 3028370 3028371 3028372 3028373 3028374 3028375 3028376 3028377 3028378 3028379 3028380 3028381 3028382 3028383 3028384 3028385 3028386 3028387
3028561 3028562 3028563 3028564 3028565 3028566 3028567 3028568 3028569 3028570 3028571 3028572 3028573 3028574 3028575 3028576 3028577 3028578 3028579 3028580 3028581 3028582 3028583 3028584 3028585 3028586 3028587 3028588 3028589 3028590 3028591 3028592 3028593 3028594 3028595 3028596 3028597 3028598 3028599 3028600 3028601 3028602 3028603 3028604 3028605 3028606 3028607 3028608 3028609 3028610 3028611 3028612 3028613 3028614 3028615 3028616 3028617 3028618 3028619 3028620 3028621 3028622 3028623 3028624 3028625 3028626 3028627
3028801 3028802 3028803 3028804 3028805 3028806 3028807 3028808 3028809 3028810 3028811 3028812 3028813 3028814 3028815 3028816 3028817 3028818 3028819 3028820 3028821 3028822 3028823 3028824 3028825 3028826 3028827 3028828 3028829 3028830 3028831 3028832 3028833 3028834 3028835 3028836 3028837 3028838 3028839 3028840 3028841 3028842 3028843 3028844 3028845 3028846 3028847 3028848 3028849 3028850 3028851 3028852 3028853 3028854 3028855 3028856 3028857 3028858 3028859 3028860 3028861 3028862 3028863 3028864 3028865 3028866 3028867
3029041 3029042 3029043 3029044 3029045 3029046 3029047 3029048 3029049 3029050 3029051 3029052 3029053 3029054 3029055 3029056 3029057 3029058 3029059 3029060 3029061 3029062 3029063 3029064 3029065 3029066 3029067 3029068 3029069 3029070 3029071 3029072 3029073 3029074 3029075 3029076 3029077 3029078 3029079 3029080 3029081 3029082 3029083 3029084 3029085 3029086 3029087 3029088 3029089 3029090 3029091 3029092 3029093 3029094 3029095 3029096 3029097 3029098 3029099 3029100 3029101 3029102 3029103 3029104 3029105 3029106 3029107
3029281 3029282 3029283 3029284 3029285 3029286 3029287 3029288 3029289 3029290 3029291 3029292 3029293 3029294 3029295 3029296 3029297 3029298 3029299 3029300 3029301 3029302 3029303 3029304 3029305 3029306 3029307 3029308 3029309 3029310 3029311 3029312 3029313 3029314 3029315 3029316 3029317 3029318 3029319 3029320 3029321 3029322 3029323 3029324 3029325 3029326 3029327 3029328 3029329 3029330 3029331 3029332 3029333 3029334 3029335 3029336 3029337 3029338 3029339 3029340 3029341 3029342 3029343 3029344 3029345 3029346 3029347
3029521 3029522 3029523 3029524 3029525 3029526 3029527 3029528 3029529 3029530 3029531 3029532 3029533 3029534 3029535 3029536 3029537 3029538 3029539 3029540 3029541 3029542 3029543 3029544 3029545 3029546 3029547 3029548 3029549 3029550 3029551 3029552 3029553 3029554 3029555 3029556 3029557 3029558 3029559 3029560 3029561 3029562 3029563 3029564 3029565 3029566 3029567 3029568 3029569 3029570 3029571 3029572 3029573 3029574 3029575 3029576 3029577 3029578 3029579 3029580 3029581 3029582 3029583 3029584 3029585 3029586 3029587
3029761 3029762 3029763 3029764 3029765 3029766 3029767 3029768 3029769 3029770 3029771 3029772 3029773 3029774 3029775 3029776 3029777 3029778 3029779 3029780 3029781 3029782 3029783 3029784 3029785 3029786 3029787 3029788 3029789 3029790 3029791 3029792 3029793 3029794 3029795 3029796 3029797 3029798 3029799 3029800 3029801 3029802 3029803 3029804 3029805 3029806 3029807 3029808 3029809 3029810 3029811 3029812 3029813 3029814 3029815 3029816 3029817 3029818 3029819 3029820 3029821 3029822 3029823 3029824 3029825 3029826 3029827
3030001 3030002 3030003 3030004 3030005 3030006 3030007 3030008 3030009 3030010 3030011 3030012 3030013 3030014 3030015 3030016 3030017 3030018 3030019 3030020 3030021 3030022 3030023 3030024 3030025 3030026 3030027 3030028 3030029 3030030 3030031 3030032 3030033 3030034 3030035 3030036 3030037 3030038 3030039 3030040 3030041 3030042 3030043 3030044 3030045 3030046 3030047 3030048 3030049 3030050 3030051 3030052 3030053 3030054 3030055 3030056 3030057 3030058 3030059 3030060 3030061 3030062 3030063 3030064 3030065 3030066 3030067
3030241 3030242 3030243 3030244 3030245 3030246 3030247 3030248 3030249 3030250 3030251 3030252 3030253 3030254 3030255 3030256 3030257 3030258 3030259 3030260 3030261 3030262 3030263 3030264 3030265 3030266 3030267 3030268 3030269 3030270 3030271 3030272 3030273 3030274 3030275 3030276 3030277 3030278 3030279 3030280 3030281 3030282 3030283 3030284 3030285 3030286 3030287 3030288 3030289 3030290 3030291 3030292 3030293 3030294 3030295 3030296 3030297 3030298 3030299 3030300 3030301 3030302 3030303 3030304 3030305 3030306 3030307
3030481 3030482 3030483 3030484 3030485 3030486 3030487 3030488 3030489 3030490 3030491 3030492 3030493 3030494 3030495 3030496 3030497 3030498 3030499 3030500 3030501 3030502 3030503 3030504 3030505 3030506 3030507 3030508 3030509 3030510 3030511 3030512 3030513 3030514 3030515 3030516 3030517 3030518 3030519 3030520 3030521 3030522 3030523 3030524 3030525 3030526 3030527 3030528 3030529 3030530 3030531 3030532 3030533 3030534 3030535 3030536 3030537 3030538 3030539 3030540 3030541 3030542 3030543 3030544 3030545 3030546 3030547
3030721 3030722 3030723 3030724 3030725 3030726 3030727 3030728 3030729 3030730 3030731 3030732 3030733 3030734 3030735 3030736 3030737 3030738 3030739 3030740 3030741 3030742 3030743 3030744 3030745 3030746 3030747 3030748 3030749 3030750 3030751 3030752 3030753 3030754 3030755 3030756 3030757 3030758 3030759 3030760 3030761 3030762 3030763 3030764 3030765 3030766 3030767 3030768 3030769 3030770 3030771 3030772 3030773 3030774 3030775 3030776 3030777 3030778 3030779 3030780 3030781 3030782 3030783 3030784 3030785 3030786 3030787
3030961 3030962 3030963 3030964 3030965 3030966 3030967 3030968 3030969 3030970 3030971 3030972 3030973 3030974 3030975 3030976 3030977 3030978 3030979 3030980 3030981 3030982 3030983 3030984 3030985 3030986 3030987 3030988 3030989 3030990 3030991 3030992 3030993 3030994 3030995 3030996 3030997 3030998 3030999 3031000 3031001 3031002 3031003 3031004 3031005 3031006 3031007 3031008 3031009 3031010 3031011 3031012 3031013 3031014 3031015 3031016 3031017 3031018 3031019 3031020 3031021 3031022 3031023 3031024 3031025 3031026 3031027
3031201 3031202 3031203 3031204 3031205 3031206 3031207 3031208 3031209 3031210 3031211 3031212 3031213 3031214 3031215 3031216 3031217 3031218 3031219 3031220 3031221 3031222 3031223 3031224 3031225 3031226 3031227 3031228 3031229 3031230 3031231 3031232 3031233 3031234 3031235 3031236 3031237 3031238 3031239 3031240 3031241 3031242 3031243 3031244 3031245 3031246 3031247 3031248 3031249 3031250 3031251 3031252 3031253 3031254 3031255 3031256 3031257 3031258 3031259 3031260 3031261 3031262 3031263 3031264 3031265 3031266 3031267
3031441 3031442 3031443 3031444 3031445 3031446 3031447 3031448 3031449 3031450 3031451 3031452 3031453 3031454 3031455 3031456 3031457 3031458 3031459 3031460 3031461 3031462 3031463 3031464 3031465 3031466 3031467 3031468 3031469 3031470 3031471 3031472 3031473 3031474 3031475 3031476 3031477 3031478 3031479 3031480 3031481 3031482 3031483 3031484 3031485 3031486 3031487 3031488 3031489 3031490 3031491 3031492 3031493 3031494 3031495 3031496 3031497 3031498 3031499 3031500 3031501 3031502 3031503 3031504 3031505 3031506 3031507
3031681 3031682 3031683 3031684 3031685 3031686 3031687 3031688 3031689 3031690 3031691 3031692 3031693 3031694 3031695 3031696 3031697 3031698 3031699 3031700 3031701 3031702 3031703 3031704 3031705 3031706 3031707 3031708 3031709 3031710 3031711 3031712 3031713 3031714 3031715 3031716 3031717 3031718 3031719 3031720 3031721 3031722 3031723 3031724 3031725 3031726 3031727 3031728 3031729 3031730 3031731 3031732 3031733 3031734 3031735 3031736 3031737 3031738 3031739 3031740 3031741 3031742 3031743 3031744 3031745 3031746 3031747
3031921 3031922 3031923 3031924 3031925 3031926 3031927 3031928 3031929 3031930 3031931 3031932 3031933 3031934 3031935 3031936 3031937 3031938 3031939 3031940 3031941 3031942 3031943 3031944 3031945 3031946 3031947 3031948 3031949 3031950 3031951 3031952 3031953 3031954 3031955 3031956 3031957 3031958 3031959 3031960 3031961 3031962 3031963 3031964 3031965 3031966 3031967 3031968 3031969 3031970 3031971 3031972 3031973 3031974 3031975 3031976 3031977 3031978 3031979 3031980 3031981 3031982 3031983 3031984 3031985 3031986 3031987
3032161 3032162 3032163 3032164 3032165 3032166 3032167 3032168 3032169 3032170 3032171 3032172 3032173 3032174 3032175 3032176 3032177 3032178 3032179 3032180 3032181 3032182 3032183 3032184 3032185 3032186 3032187 3032188 3032189 3032190 3032191 3032192 3032193 3032194 3032195 3032196 3032197 3032198 3032199 3032200 3032201 3032202 3032203 3032204 3032205 3032206 3032207 3032208 3032209 3032210 3032211 3032212 3032213 3032214 3032215 3032216 3032217 3032218 3032219 3032220 3032221 3032222 3032223 3032224 3032225 3032226 3032227
3032401 3032402 3032403 3032404 3032405 3032406 3032407 3032408 3032409 3032410 3032411 3032412 3032413 3032414 3032415 3032416 3032417 3032418 3032419 3032420 3032421 3032422 3032423 3032424 3032425 3032426 3032427 3032428 3032429 3032430 3032431 3032432 3032433 3032434 3032435 3032436 3032437 3032438 3032439 3032440 3032441 3032442 3032443 3032444 3032445 3032446 3032447 3032448 3032449 3032450 3032451 3032452 3032453 3032454 3032455 3032456 3032457 3032458 3032459 3032460 3032461 3032462 3032463 3032464 3032465 3032466 3032467
3032641 3032642 3032643 3032644 3032645 3032646 3032647 3032648 3032649 3032650 3032651 3032652 3032653 3032654 3032655 3032656 3032657 3032658 3032659 3032660 3032661 3032662 3032663 3032664 3032665 3032666 3032667 3032668 3032669 3032670 3032671 3032672 3032673 3032674 3032675 3032676 3032677 3032678 3032679 3032680 3032681 3032682 3032683 3032684 3032685 3032686 3032687 3032688 3032689 3032690 3032691 3032692 3032693 3032694 3032695 3032696 3032697 3032698 3032699 3032700 3032701 3032702 3032703 3032704 3032705 3032706 3032707
3032881 3032882 3032883 3032884 3032885 3032886 3032887 3032888 3032889 3032890 3032891 3032892 3032893 3032894 3032895 3032896 3032897 3032898 3032899 3032900 3032901 3032902 3032903 3032904 3032905 3032906 3032907 3032908 3032909 3032910 3032911 3032912 3032913 3032914 3032915 3032916 3032917 3032918 3032919 3032920 3032921 3032922 3032923 3032924 3032925 3032926 3032927 3032928 3032929 3032930 3032931 3032932 3032933 3032934 3032935 3032936 3032937 3032938 3032939 3032940 3032941 3032942 3032943 3032944 3032945 3032946 3032947
3033121 3033122 3033123 3033124 3033125 3033126 3033127 3033128 3033129 3033130 3033131 3033132 3033133 3033134 3033135 3033136 3033137 3033138 3033139 3033140 3033141 3033142 3033143 3033144 3033145 3033146 3033147 3033148 3033149 3033150 3033151 3033152 3033153 3033154 3033155 3033156 3033157 3033158 3033159 3033160 3033161 3033162 3033163 3033164 3033165 3033166 3033167 3033168 3033169 3033170 3033171 3033172 3033173 3033174 3033175 3033176 3033177 3033178 3033179 3033180 3033181 3033182 3033183 3033184 3033185 3033186 3033187
3033361 3033362 3033363 3033364 3033365 3033366 3033367 3033368 3033369 3033370 3033371 3033372 3033373 3033374 3033375 3033376 3033377 3033378 3033379 3033380 3033381 3033382 3033383 3033384 3033385 3033386 3033387 3033388 3033389 3033390 3033391 3033392 3033393 3033394 3033395 3033396 3033397 3033398 3033399 3033400 3033401 3033402 3033403 3033404 3033405 3033406 3033407 3033408 3033409 3033410 3033411 3033412 3033413 3033414 3033415 3033416 3033417 3033418 3033419 3033420 3033421 3033422 3033423 3033424 3033425 3033426 3033427
3033601 3033602 3033603 3033604 3033605 3033606 3033607 3033608 3033609 3033610 3033611 3033612 3033613 3033614 3033615 3033616 3033617 3033618 3033619 3033620 3033621 3033622 3033623 3033624 3033625 3033626 3033627 3033628 3033629 3033630 3033631 3033632 3033633 3033634 3033635 3033636 3033637 3033638 3033639 3033640 3033641 3033642 3033643 3033644 3033645 3033646 3033647 3033648 3033649 3033650 3033651 3033652 3033653 3033654 3033655 3033656 3033657 3033658 3033659 3033660 3033661 3033662 3033663 3033664 3033665 3033666 3033667
3033841 3033842 3033843 3033844 3033845 3033846 3033847 3033848 3033849 3033850 3033851 3033852 3033853 3033854 3033855 3033856 3033857 3033858 3033859 3033860 3033861 3033862 3033863 3033864 3033865 3033866 3033867 3033868 3033869 3033870 3033871 3033872 3033873 3033874 3033875 3033876 3033877 3033878 3033879 3033880 3033881 3033882 3033883 3033884 3033885 3033886 3033887 3033888 3033889 3033890 3033891 3033892 3033893 3033894 3033895 3033896 3033897 3033898 3033899 3033900 3033901 3033902 3033903 3033904 3033905 3033906 3033907
3034081 3034082 3034083 3034084 3034085 3034086 3034087 3034088 3034089 3034090 3034091 3034092 3034093 3034094 3034095 3034096 3034097 3034098 3034099 3034100 3034101 3034102 3034103 3034104 3034105 3034106 3034107 3034108 3034109 3034110 3034111 3034112 3034113 3034114 3034115 3034116 3034117 3034118 3034119 3034120 3034121 3034122 3034123 3034124 3034125 3034126 3034127 3034128 3034129 3034130 3034131 3034132 3034133 3034134 3034135 3034136 3034137 3034138 3034139 3034140 3034141 3034142 3034143 3034144 3034145 3034146 3034147
3034321 3034322 3034323 3034324 3034325 3034326 3034327 3034328 3034329 3034330 3034331 3034332 3034333 3034334 3034335 3034336 3034337 3034338 3034339 3034340 3034341 3034342 3034343 3034344 3034345 3034346 3034347 3034348 3034349 3034350 3034351 3034352 3034353 3034354 3034355 3034356 3034357 3034358 3034359 3034360 3034361 3034362 3034363 3034364 3034365 3034366 3034367 3034368 3034369 3034370 3034371 3034372 3034373 3034374 3034375 3034376 3034377 3034378 3034379 3034380 3034381 3034382 3034383 3034384 3034385 3034386 3034387
3034561 3034562 3034563 3034564 3034565 3034566 3034567 3034568 3034569 3034570 3034571 3034572 3034573 3034574 3034575 3034576 3034577 3034578 3034579 3034580 3034581 3034582 3034583 3034584 3034585 3034586 3034587 3034588 3034589 3034590 3034591 3034592 3034593 3034594 3034595 3034596 3034597 3034598 3034599 3034600 3034601 3034602 3034603 3034604 3034605 3034606 3034607 3034608 3034609 3034610 3034611 3034612 3034613 3034614 3034615 3034616 3034617 3034618 3034619 3034620 3034621 3034622 3034623 3034624 3034625 3034626 3034627
