Model application/Raster_10km.asc
NCOLS 240 
NROWS 328 
XLLCORNER -820443.174424995 
YLLCORNER -1234728.48474026 
CELLSIZE 10000 
NODATA_value -9999 
[rows 232 to 260 of 328, columns 67 to 133 of 240]
3055748 3055749 3055750 3055751 3055752 3055753 3055754 3055755 3055756 3055757 3055758 3055759 3055760 3055761 3055762 3055763 3055764 3055765 3055766 3055767 3055768 3055769 3055770 3055771 3055772 3055773 3055774 3055775 3055776 3055777 3055778 3055779 3055780 3055781 3055782 3055783 3055784 3055785 3055786 3055787 3055788 3055789 3055790 3055791 3055792 3055793 3055794 3055795 3055796 3055797 3055798 3055799 3055800 3055801 3055802 3055803 3055804 3055805 3055806 3055807 3055808 3055809 3055810 3055811 3055812 3055813 3055814
3055988 3055989 3055990 3055991 3055992 3055993 3055994 3055995 3055996 3055997 3055998 3055999 3056000 3056001 3056002 3056003 3056004 3056005 3056006 3056007 3056008 3056009 3056010 3056011 3056012 3056013 3056014 3056015 3056016 3056017 3056018 3056019 3056020 3056021 3056022 3056023 3056024 3056025 3056026 3056027 3056028 3056029 3056030 3056031 3056032 3056033 3056034 3056035 3056036 3056037 3056038 3056039 3056040 3056041 3056042 3056043 3056044 3056045 3056046 3056047 3056048 3056049 3056050 3056051 3056052 3056053 3056054
3056228 3056229 3056230 3056231 3056232 3056233 3056234 3056235 3056236 3056237 3056238 3056239 3056240 3056241 3056242 3056243 3056244 3056245 3056246 3056247 3056248 3056249 3056250 3056251 3056252 3056253 3056254 3056255 3056256 3056257 3056258 3056259 3056260 3056261 3056262 3056263 3056264 3056265 3056266 3056267 3056268 3056269 3056270 3056271 3056272 3056273 3056274 3056275 3056276 3056277 3056278 3056279 3056280 3056281 3056282 3056283 3056284 3056285 3056286 3056287 3056288 3056289 3056290 3056291 3056292 3056293 3056294
3056468 3056469 3056470 3056471 3056472 3056473 3056474 3056475 3056476 3056477 3056478 3056479 3056480 3056481 3056482 3056483 3056484 3056485 3056486 3056487 3056488 3056489 3056490 3056491 3056492 3056493 3056494 3056495 3056496 3056497 3056498 3056499 3056500 3056501 3056502 3056503 3056504 3056505 3056506 3056507 3056508 3056509 3056510 3056511 3056512 3056513 3056514 3056515 3056516 3056517 3056518 3056519 3056520 3056521 3056522 3056523 3056524 3056525 3056526 3056527 3056528 3056529 3056530 3056531 3056532 3056533 3056534
3056708 3056709 3056710 3056711 3056712 3056713 3056714 3056715 3056716 3056717 3056718 3056719 3056720 3056721 3056722 3056723 3056724 3056725 3056726 3056727 3056728 3056729 3056730 3056731 3056732 3056733 3056734 3056735 3056736 3056737 3056738 3056739 3056740 3056741 3056742 3056743 3056744 3056745 3056746 3056747 3056748 3056749 3056750 3056751 3056752 3056753 3056754 3056755 3056756 3056757 3056758 3056759 3056760 3056761 3056762 3056763 3056764 3056765 3056766 3056767 3056768 3056769 3056770 3056771 3056772 3056773 3056774
3056948 3056949 3056950 3056951 3056952 3056953 3056954 3056955 3056956 3056957 3056958 3056959 3056960 3056961 3056962 3056963 3056964 3056965 3056966 3056967 3056968 3056969 3056970 3056971 3056972 3056973 3056974 3056975 3056976 3056977 3056978 3056979 3056980 3056981 3056982 3056983 3056984 3056985 3056986 3056987 3056988 3056989 3056990 3056991 3056992 3056993 3056994 3056995 3056996 3056997 3056998 3056999 3057000 3057001 3057002 3057003 3057004 3057005 3057006 3057007 3057008 3057009 3057010 3057011 3057012 3057013 3057014
3057188 3057189 3057190 3057191 3057192 3057193 3057194 3057195 3057196 3057197 3057198 3057199 3057200 3057201 3057202 3057203 3057204 3057205 3057206 3057207 3057208 3057209 3057210 3057211 3057212 3057213 3057214 3057215 3057216 3057217 3057218 3057219 3057220 3057221 3057222 3057223 3057224 3057225 3057226 3057227 3057228 3057229 3057230 3057231 3057232 3057233 3057234 3057235 3057236 3057237 3057238 3057239 3057240 3057241 3057242 3057243 3057244 3057245 3057246 3057247 3057248 3057249 3057250 3057251 3057252 3057253 3057254
3057428 3057429 3057430 3057431 3057432 3057433 3057434 3057435 3057436 3057437 3057438 3057439 3057440 3057441 3057442 3057443 3057444 3057445 3057446 3057447 3057448 3057449 3057450 3057451 3057452 3057453 3057454 3057455 3057456 3057457 3057458 3057459 3057460 3057461 3057462 3057463 3057464 3057465 3057466 3057467 3057468 3057469 3057470 3057471 3057472 3057473 3057474 3057475 3057476 3057477 3057478 3057479 3057480 3057481 3057482 3057483 3057484 3057485 3057486 3057487 3057488 3057489 3057490 3057491 3057492 3057493 3057494
3057668 3057669 3057670 3057671 3057672 3057673 3057674 3057675 3057676 3057677 3057678 3057679 3057680 3057681 3057682 3057683 3057684 3057685 3057686 3057687 3057688 3057689 3057690 3057691 3057692 3057693 3057694 3057695 3057696 3057697 3057698 3057699 3057700 3057701 3057702 3057703 3057704 3057705 3057706 3057707 3057708 3057709 3057710 3057711 3057712 3057713 3057714 3057715 3057716 3057717 3057718 3057719 3057720 3057721 3057722 3057723 3057724 3057725 3057726 3057727 3057728 3057729 3057730 3057731 3057732 3057733 3057734
3057908 3057909 3057910 3057911 3057912 3057913 3057914 3057915 3057916 3057917 3057918 3057919 3057920 3057921 3057922 3057923 3057924 3057925 3057926 3057927 3057928 3057929 3057930 3057931 3057932 3057933 3057934 3057935 3057936 3057937 3057938 3057939 3057940 3057941 3057942 3057943 3057944 3057945 3057946 3057947 3057948 3057949 3057950 3057951 3057952 3057953 3057954 3057955 3057956 3057957 3057958 3057959 3057960 3057961 3057962 3057963 3057964 3057965 3057966 3057967 3057968 3057969 3057970 3057971 3057972 3057973 3057974
3058148 3058149 3058150 3058151 3058152 3058153 3058154 3058155 3058156 3058157 3058158 3058159 3058160 3058161 3058162 3058163 3058164 3058165 3058166 3058167 3058168 3058169 3058170 3058171 3058172 3058173 3058174 3058175 3058176 3058177 3058178 3058179 3058180 3058181 3058182 3058183 3058184 3058185 3058186 3058187 3058188 3058189 3058190 3058191 3058192 3058193 3058194 3058195 3058196 3058197 3058198 3058199 3058200 3058201 3058202 3058203 3058204 3058205 3058206 3058207 3058208 3058209 3058210 3058211 3058212 3058213 3058214
3058388 3058389 3058390 3058391 3058392 3058393 3058394 3058395 3058396 3058397 3058398 3058399 3058400 3058401 3058402 3058403 3058404 3058405 3058406 3058407 3058408 3058409 3058410 3058411 3058412 3058413 3058414 3058415 3058416 3058417 3058418 3058419 3058420 3058421 3058422 3058423 3058424 3058425 3058426 3058427 3058428 3058429 3058430 3058431 3058432 3058433 3058434 3058435 3058436 3058437 3058438 3058439 3058440 3058441 3058442 3058443 3058444 3058445 3058446 3058447 3058448 3058449 3058450 3058451 3058452 3058453 3058454
3058628 3058629 3058630 3058631 3058632 3058633 3058634 3058635 3058636 3058637 3058638 3058639 3058640 3058641 3058642 3058643 3058644 3058645 3058646 3058647 3058648 3058649 3058650 3058651 3058652 3058653 3058654 3058655 3058656 3058657 3058658 3058659 3058660 3058661 3058662 3058663 3058664 3058665 3058666 3058667 3058668 3058669 3058670 3058671 3058672 3058673 3058674 3058675 3058676 3058677 3058678 3058679 3058680 3058681 3058682 3058683 3058684 3058685 3058686 3058687 3058688 3058689 3058690 3058691 3058692 3058693 3058694
3058868 3058869 3058870 3058871 3058872 3058873 3058874 3058875 3058876 3058877 3058878 3058879 3058880 3058881 3058882 3058883 3058884 3058885 3058886 3058887 3058888 3058889 3058890 3058891 3058892 3058893 3058894 3058895 3058896 3058897 3058898 3058899 3058900 3058901 3058902 3058903 3058904 3058905 3058906 3058907 3058908 3058909 3058910 3058911 3058912 3058913 3058914 3058915 3058916 3058917 3058918 3058919 3058920 3058921 3058922 3058923 3058924 3058925 3058926 3058927 3058928 3058929 3058930 3058931 3058932 3058933 3058934
3059108 3059109 3059110 3059111 3059112 3059113 3059114 3059115 3059116 3059117 3059118 3059119 3059120 3059121 3059122 3059123 3059124 3059125 3059126 3059127 3059128 3059129 3059130 3059131 3059132 3059133 3059134 3059135 3059136 3059137 3059138 3059139 3059140 3059141 3059142 3059143 3059144 3059145 3059146 3059147 3059148 3059149 3059150 3059151 3059152 3059153 3059154 3059155 3059156 3059157 3059158 3059159 3059160 3059161 3059162 3059163 3059164 3059165 3059166 3059167 3059168 3059169 3059170 3059171 3059172 3059173 3059174
3059348 3059349 3059350 3059351 3059352 3059353 3059354 3059355 3059356 3059357 3059358 3059359 3059360 3059361 3059362 3059363 3059364 3059365 3059366 3059367 3059368 3059369 3059370 3059371 3059372 3059373 3059374 3059375 3059376 3059377 3059378 3059379 3059380 3059381 3059382 3059383 3059384 3059385 3059386 3059387 3059388 3059389 3059390 3059391 3059392 3059393 3059394 3059395 3059396 3059397 3059398 3059399 3059400 3059401 3059402 3059403 3059404 3059405 3059406 3059407 3059408 3059409 3059410 3059411 3059412 3059413 3059414
3059588 3059589 3059590 3059591 3059592 3059593 3059594 3059595 3059596 3059597 3059598 3059599 3059600 3059601 3059602 3059603 3059604 3059605 3059606 3059607 3059608 3059609 3059610 3059611 3059612 3059613 3059614 3059615 3059616 3059617 3059618 3059619 3059620 3059621 3059622 3059623 3059624 3059625 3059626 3059627 3059628 3059629 3059630 3059631 3059632 3059633 3059634 3059635 3059636 3059637 3059638 3059639 3059640 3059641 3059642 3059643 3059644 3059645 3059646 3059647 3059648 3059649 3059650 3059651 3059652 3059653 3059654
3059828 3059829 3059830 3059831 3059832 3059833 3059834 3059835 3059836 3059837 3059838 3059839 3059840 3059841 3059842 3059843 3059844 3059845 3059846 3059847 3059848 3059849 3059850 3059851 3059852 3059853 3059854 3059855 3059856 3059857 3059858 3059859 3059860 3059861 3059862 3059863 3059864 3059865 3059866 3059867 3059868 3059869 3059870 3059871 3059872 3059873 3059874 3059875 3059876 3059877 3059878 3059879 3059880 3059881 3059882 3059883 3059884 3059885 3059886 3059887 3059888 3059889 3059890 3059891 3059892 3059893 3059894
3060068 3060069 3060070 3060071 3060072 3060073 3060074 3060075 3060076 3060077 3060078 3060079 3060080 3060081 3060082 3060083 3060084 3060085 3060086 3060087 3060088 3060089 3060090 3060091 3060092 3060093 3060094 3060095 3060096 3060097 3060098 3060099 3060100 3060101 3060102 3060103 3060104 3060105 3060106 3060107 3060108 3060109 3060110 3060111 3060112 3060113 3060114 3060115 3060116 3060117 3060118 3060119 3060120 3060121 3060122 3060123 3060124 3060125 3060126 3060127 3060128 3060129 3060130 3060131 3060132 3060133 3060134
3060308 3060309 3060310 3060311 3060312 3060313 3060314 3060315 3060316 3060317 3060318 3060319 3060320 3060321 3060322 3060323 3060324 3060325 3060326 3060327 3060328 3060329 3060330 3060331 3060332 3060333 3060334 3060335 3060336 3060337 3060338 3060339 3060340 3060341 3060342 3060343 3060344 3060345 3060346 3060347 3060348 3060349 3060350 3060351 3060352 3060353 3060354 3060355 3060356 3060357 3060358 3060359 3060360 3060361 3060362 3060363 3060364 3060365 3060366 3060367 3060368 3060369 3060370 3060371 3060372 3060373 3060374
3060548 3060549 3060550 3060551 3060552 3060553 3060554 3060555 3060556 3060557 3060558 3060559 3060560 3060561 3060562 3060563 3060564 3060565 3060566 3060567 3060568 3060569 3060570 3060571 3060572 3060573 3060574 3060575 3060576 3060577 3060578 3060579 3060580 3060581 3060582 3060583 3060584 3060585 3060586 3060587 3060588 3060589 3060590 3060591 3060592 3060593 3060594 3060595 3060596 3060597 3060598 3060599 3060600 3060601 3060602 3060603 3060604 3060605 3060606 3060607 3060608 3060609 3060610 3060611 3060612 3060613 3060614
3060788 3060789 3060790 3060791 3060792 3060793 3060794 3060795 3060796 3060797 3060798 3060799 3060800 3060801 3060802 3060803 3060804 3060805 3060806 3060807 3060808 3060809 3060810 3060811 3060812 3060813 3060814 3060815 3060816 3060817 3060818 3060819 3060820 3060821 3060822 3060823 3060824 3060825 3060826 3060827 3060828 3060829 3060830 3060831 3060832 3060833 3060834 3060835 3060836 3060837 3060838 3060839 3060840 3060841 3060842 3060843 3060844 3060845 3060846 3060847 3060848 3060849 3060850 3060851 3060852 3060853 3060854
3061028 3061029 3061030 3061031 3061032 3061033 3061034 3061035 3061036 3061037 3061038 3061039 3061040 3061041 3061042 3061043 3061044 3061045 3061046 3061047 3061048 3061049 3061050 3061051 3061052 3061053 3061054 3061055 3061056 3061057 3061058 3061059 3061060 3061061 3061062 3061063 3061064 3061065 3061066 3061067 3061068 3061069 3061070 3061071 3061072 3061073 3061074 3061075 3061076 3061077 3061078 3061079 3061080 3061081 3061082 3061083 3061084 3061085 3061086 3061087 3061088 3061089 3061090 3061091 3061092 3061093 3061094
3061268 3061269 3061270 3061271 3061272 3061273 3061274 3061275 3061276 3061277 3061278 3061279 3061280 3061281 3061282 3061283 3061284 3061285 3061286 3061287 3061288 3061289 3061290 3061291 3061292 3061293 3061294 3061295 3061296 3061297 3061298 3061299 3061300 3061301 3061302 3061303 3061304 3061305 3061306 3061307 3061308 3061309 3061310 3061311 3061312 3061313 3061314 3061315 3061316 3061317 3061318 3061319 3061320 3061321 3061322 3061323 3061324 3061325 3061326 3061327 3061328 3061329 3061330 3061331 3061332 3061333 3061334
3061508 3061509 3061510 3061511 3061512 3061513 3061514 3061515 3061516 3061517 3061518 3061519 3061520 3061521 3061522 3061523 3061524 3061525 3061526 3061527 3061528 3061529 3061530 3061531 3061532 3061533 3061534 3061535 3061536 3061537 3061538 3061539 3061540 3061541 3061542 3061543 3061544 3061545 3061546 3061547 3061548 3061549 3061550 3061551 3061552 3061553 3061554 3061555 3061556 3061557 3061558 3061559 3061560 3061561 3061562 3061563 3061564 3061565 3061566 3061567 3061568 3061569 3061570 3061571 3061572 3061573 3061574
3061748 3061749 3061750 3061751 3061752 3061753 3061754 3061755 3061756 3061757 3061758 3061759 3061760 3061761 3061762 3061763 3061764 3061765 3061766 3061767 3061768 3061769 3061770 3061771 3061772 3061773 3061774 3061775 3061776 3061777 3061778 3061779 3061780 3061781 3061782 3061783 3061784 3061785 3061786 3061787 3061788 3061789 3061790 3061791 3061792 3061793 3061794 3061795 3061796 3061797 3061798 3061799 3061800 3061801 3061802 3061803 3061804 3061805 3061806 3061807 3061808 3061809 3061810 3061811 3061812 3061813 3061814
3061988 3061989 3061990 3061991 3061992 3061993 3061994 3061995 3061996 3061997 3061998 3061999 3062000 3062001 3062002 3062003 3062004 3062005 3062006 3062007 3062008 3062009 3062010 3062011 3062012 3062013 3062014 3062015 3062016 3062017 3062018 3062019 3062020 3062021 3062022 3062023 3062024 3062025 3062026 3062027 3062028 3062029 3062030 3062031 3062032 3062033 3062034 3062035 3062036 3062037 3062038 3062039 3062040 3062041 3062042 3062043 3062044 3062045 3062046 3062047 3062048 3062049 3062050 3062051 3062052 3062053 3062054
3062228 3062229 3062230 3062231 3062232 3062233 3062234 3062235 3062236 3062237 3062238 3062239 3062240 3062241 3062242 3062243 3062244 3062245 3062246 3062247 3062248 3062249 3062250 3062251 3062252 3062253 3062254 3062255 3062256 3062257 3062258 3062259 3062260 3062261 3062262 3062263 3062264 3062265 3062266 3062267 3062268 3062269 3062270 3062271 3062272 3062273 3062274 3062275 3062276 3062277 3062278 3062279 3062280 3062281 3062282 3062283 3062284 3062285 3062286 3062287 3062288 3062289 3062290 3062291 3062292 3062293 3062294
3062468 3062469 3062470 3062471 3062472 3062473 3062474 3062475 3062476 3062477 3062478 3062479 3062480 3062481 3062482 3062483 3062484 3062485 3062486 3062487 3062488 3062489 3062490 3062491 3062492 3062493 3062494 3062495 3062496 3062497 3062498 3062499 3062500 3062501 3062502 3062503 3062504 3062505 3062506 3062507 3062508 3062509 3062510 3062511 3062512 3062513 3062514 3062515 3062516 3062517 3062518 3062519 3062520 3062521 3062522 3062523 3062524 3062525 3062526 3062527 3062528 3062529 3062530 3062531 3062532 3062533 3062534
