Model application/Raster_10km.asc
NCOLS 240 
NROWS 328 
XLLCORNER -820443.174424995 
YLLCORNER -1234728.48474026 
CELLSIZE 10000 
NODATA_value -9999 
[rows 29 to 57 of 328, columns 0 to 66 of 240]
3006961 3006962 3006963 3006964 3006965 3006966 3006967 3006968 3006969 3006970 3006971 3006972 3006973 3006974 3006975 3006976 3006977 3006978 3006979 3006980 3006981 3006982 3006983 3006984 3006985 3006986 3006987 3006988 3006989 3006990 3006991 3006992 3006993 3006994 3006995 3006996 3006997 3006998 3006999 3007000 3007001 3007002 3007003 3007004 3007005 3007006 3007007 3007008 3007009 3007010 3007011 3007012 3007013 3007014 3007015 3007016 3007017 3007018 3007019 3007020 3007021 3007022 3007023 3007024 3007025 3007026 3007027
3007201 3007202 3007203 3007204 3007205 3007206 3007207 3007208 3007209 3007210 3007211 3007212 3007213 3007214 3007215 3007216 3007217 3007218 3007219 3007220 3007221 3007222 3007223 3007224 3007225 3007226 3007227 3007228 3007229 3007230 3007231 3007232 3007233 3007234 3007235 3007236 3007237 3007238 3007239 3007240 3007241 3007242 3007243 3007244 3007245 3007246 3007247 3007248 3007249 3007250 3007251 3007252 3007253 3007254 3007255 3007256 3007257 3007258 3007259 3007260 3007261 3007262 3007263 3007264 3007265 3007266 3007267
3007441 3007442 3007443 3007444 3007445 3007446 3007447 3007448 3007449 3007450 3007451 3007452 3007453 3007454 3007455 3007456 3007457 3007458 3007459 3007460 3007461 3007462 3007463 3007464 3007465 3007466 3007467 3007468 3007469 3007470 3007471 3007472 3007473 3007474 3007475 3007476 3007477 3007478 3007479 3007480 3007481 3007482 3007483 3007484 3007485 3007486 3007487 3007488 3007489 3007490 3007491 3007492 3007493 3007494 3007495 3007496 3007497 3007498 3007499 3007500 3007501 3007502 3007503 3007504 3007505 3007506 3007507
3007681 3007682 3007683 3007684 3007685 3007686 3007687 3007688 3007689 3007690 3007691 3007692 3007693 3007694 3007695 3007696 3007697 3007698 3007699 3007700 3007701 3007702 3007703 3007704 3007705 3007706 3007707 3007708 3007709 3007710 3007711 3007712 3007713 3007714 3007715 3007716 3007717 3007718 3007719 3007720 3007721 3007722 3007723 3007724 3007725 3007726 3007727 3007728 3007729 3007730 3007731 3007732 3007733 3007734 3007735 3007736 3007737 3007738 3007739 3007740 3007741 3007742 3007743 3007744 3007745 3007746 3007747
3007921 3007922 3007923 3007924 3007925 3007926 3007927 3007928 3007929 3007930 3007931 3007932 3007933 3007934 3007935 3007936 3007937 3007938 3007939 3007940 3007941 3007942 3007943 3007944 3007945 3007946 3007947 3007948 3007949 3007950 3007951 3007952 3007953 3007954 3007955 3007956 3007957 3007958 3007959 3007960 3007961 3007962 3007963 3007964 3007965 3007966 3007967 3007968 3007969 3007970 3007971 3007972 3007973 3007974 3007975 3007976 3007977 3007978 3007979 3007980 3007981 3007982 3007983 3007984 3007985 3007986 3007987
3008161 3008162 3008163 3008164 3008165 3008166 3008167 3008168 3008169 3008170 3008171 3008172 3008173 3008174 3008175 3008176 3008177 3008178 3008179 3008180 3008181 3008182 3008183 3008184 3008185 3008186 3008187 3008188 3008189 3008190 3008191 3008192 3008193 3008194 3008195 3008196 3008197 3008198 3008199 3008200 3008201 3008202 3008203 3008204 3008205 3008206 3008207 3008208 3008209 3008210 3008211 3008212 3008213 3008214 3008215 3008216 3008217 3008218 3008219 3008220 3008221 3008222 3008223 3008224 3008225 3008226 3008227
3008401 3008402 3008403 3008404 3008405 3008406 3008407 3008408 3008409 3008410 3008411 3008412 3008413 3008414 3008415 3008416 3008417 3008418 3008419 3008420 3008421 3008422 3008423 3008424 3008425 3008426 3008427 3008428 3008429 3008430 3008431 3008432 3008433 3008434 3008435 3008436 3008437 3008438 3008439 3008440 3008441 3008442 3008443 3008444 3008445 3008446 3008447 3008448 3008449 3008450 3008451 3008452 3008453 3008454 3008455 3008456 3008457 3008458 3008459 3008460 3008461 3008462 3008463 3008464 3008465 3008466 3008467
3008641 3008642 3008643 3008644 3008645 3008646 3008647 3008648 3008649 3008650 3008651 3008652 3008653 3008654 3008655 3008656 3008657 3008658 3008659 3008660 3008661 3008662 3008663 3008664 3008665 3008666 3008667 3008668 3008669 3008670 3008671 3008672 3008673 3008674 3008675 3008676 3008677 3008678 3008679 3008680 3008681 3008682 3008683 3008684 3008685 3008686 3008687 3008688 3008689 3008690 3008691 3008692 3008693 3008694 3008695 3008696 3008697 3008698 3008699 3008700 3008701 3008702 3008703 3008704 3008705 3008706 3008707
3008881 3008882 3008883 3008884 3008885 3008886 3008887 3008888 3008889 3008890 3008891 3008892 3008893 3008894 3008895 3008896 3008897 3008898 3008899 3008900 3008901 3008902 3008903 3008904 3008905 3008906 3008907 3008908 3008909 3008910 3008911 3008912 3008913 3008914 3008915 3008916 3008917 3008918 3008919 3008920 3008921 3008922 3008923 3008924 3008925 3008926 3008927 3008928 3008929 3008930 3008931 3008932 3008933 3008934 3008935 3008936 3008937 3008938 3008939 3008940 3008941 3008942 3008943 3008944 3008945 3008946 3008947
3009121 3009122 3009123 3009124 3009125 3009126 3009127 3009128 3009129 3009130 3009131 3009132 3009133 3009134 3009135 3009136 3009137 3009138 3009139 3009140 3009141 3009142 3009143 3009144 3009145 3009146 3009147 3009148 3009149 3009150 3009151 3009152 3009153 3009154 3009155 3009156 3009157 3009158 3009159 3009160 3009161 3009162 3009163 3009164 3009165 3009166 3009167 3009168 3009169 3009170 3009171 3009172 3009173 3009174 3009175 3009176 3009177 3009178 3009179 3009180 3009181 3009182 3009183 3009184 3009185 3009186 3009187
3009361 3009362 3009363 3009364 3009365 3009366 3009367 3009368 3009369 3009370 3009371 3009372 3009373 3009374 3009375 3009376 3009377 3009378 3009379 3009380 3009381 3009382 3009383 3009384 3009385 3009386 3009387 3009388 3009389 3009390 3009391 3009392 3009393 3009394 3009395 3009396 3009397 3009398 3009399 3009400 3009401 3009402 3009403 3009404 3009405 3009406 3009407 3009408 3009409 3009410 3009411 3009412 3009413 3009414 3009415 3009416 3009417 3009418 3009419 3009420 3009421 3009422 3009423 3009424 3009425 3009426 3009427
3009601 3009602 3009603 3009604 3009605 3009606 3009607 3009608 3009609 3009610 3009611 3009612 3009613 3009614 3009615 3009616 3009617 3009618 3009619 3009620 3009621 3009622 3009623 3009624 3009625 3009626 3009627 3009628 3009629 3009630 3009631 3009632 3009633 3009634 3009635 3009636 3009637 3009638 3009639 3009640 3009641 3009642 3009643 3009644 3009645 3009646 3009647 3009648 3009649 3009650 3009651 3009652 3009653 3009654 3009655 3009656 3009657 3009658 3009659 3009660 3009661 3009662 3009663 3009664 3009665 3009666 3009667
3009841 3009842 3009843 3009844 3009845 3009846 3009847 3009848 3009849 3009850 3009851 3009852 3009853 3009854 3009855 3009856 3009857 3009858 3009859 3009860 3009861 3009862 3009863 3009864 3009865 3009866 3009867 3009868 3009869 3009870 3009871 3009872 3009873 3009874 3009875 3009876 3009877 3009878 3009879 3009880 3009881 3009882 3009883 3009884 3009885 3009886 3009887 3009888 3009889 3009890 3009891 3009892 3009893 3009894 3009895 3009896 3009897 3009898 3009899 3009900 3009901 3009902 3009903 3009904 3009905 3009906 3009907
3010081 3010082 3010083 3010084 3010085 3010086 3010087 3010088 3010089 3010090 3010091 3010092 3010093 3010094 3010095 3010096 3010097 3010098 3010099 3010100 3010101 3010102 3010103 3010104 3010105 3010106 3010107 3010108 3010109 3010110 3010111 3010112 3010113 3010114 3010115 3010116 3010117 3010118 3010119 3010120 3010121 3010122 3010123 3010124 3010125 3010126 3010127 3010128 3010129 3010130 3010131 3010132 3010133 3010134 3010135 3010136 3010137 3010138 3010139 3010140 3010141 3010142 3010143 3010144 3010145 3010146 3010147
3010321 3010322 3010323 3010324 3010325 3010326 3010327 3010328 3010329 3010330 3010331 3010332 3010333 3010334 3010335 3010336 3010337 3010338 3010339 3010340 3010341 3010342 3010343 3010344 3010345 3010346 3010347 3010348 3010349 3010350 3010351 3010352 3010353 3010354 3010355 3010356 3010357 3010358 3010359 3010360 3010361 3010362 3010363 3010364 3010365 3010366 3010367 3010368 3010369 3010370 3010371 3010372 3010373 3010374 3010375 3010376 3010377 3010378 3010379 3010380 3010381 3010382 3010383 3010384 3010385 3010386 3010387
3010561 3010562 3010563 3010564 3010565 3010566 3010567 3010568 3010569 3010570 3010571 3010572 3010573 3010574 3010575 3010576 3010577 3010578 3010579 3010580 3010581 3010582 3010583 3010584 3010585 3010586 3010587 3010588 3010589 3010590 3010591 3010592 3010593 3010594 3010595 3010596 3010597 3010598 3010599 3010600 3010601 3010602 3010603 3010604 3010605 3010606 3010607 3010608 3010609 3010610 3010611 3010612 3010613 3010614 3010615 3010616 3010617 3010618 3010619 3010620 3010621 3010622 3010623 3010624 3010625 3010626 3010627
3010801 3010802 3010803 3010804 3010805 3010806 3010807 3010808 3010809 3010810 3010811 3010812 3010813 3010814 3010815 3010816 3010817 3010818 3010819 3010820 3010821 3010822 3010823 3010824 3010825 3010826 3010827 3010828 3010829 3010830 3010831 3010832 3010833 3010834 3010835 3010836 3010837 3010838 3010839 3010840 3010841 3010842 3010843 3010844 3010845 3010846 3010847 3010848 3010849 3010850 3010851 3010852 3010853 3010854 3010855 3010856 3010857 3010858 3010859 3010860 3010861 3010862 3010863 3010864 3010865 3010866 3010867
3011041 3011042 3011043 3011044 3011045 3011046 3011047 3011048 3011049 3011050 3011051 3011052 3011053 3011054 3011055 3011056 3011057 3011058 3011059 3011060 3011061 3011062 3011063 3011064 3011065 3011066 3011067 3011068 3011069 3011070 3011071 3011072 3011073 3011074 3011075 3011076 3011077 3011078 3011079 3011080 3011081 3011082 3011083 3011084 3011085 3011086 3011087 3011088 3011089 3011090 3011091 3011092 3011093 3011094 3011095 3011096 3011097 3011098 3011099 3011100 3011101 3011102 3011103 3011104 3011105 3011106 3011107
3011281 3011282 3011283 3011284 3011285 3011286 3011287 3011288 3011289 3011290 3011291 3011292 3011293 3011294 3011295 3011296 3011297 3011298 3011299 3011300 3011301 3011302 3011303 3011304 3011305 3011306 3011307 3011308 3011309 3011310 3011311 3011312 3011313 3011314 3011315 3011316 3011317 3011318 3011319 3011320 3011321 3011322 3011323 3011324 3011325 3011326 3011327 3011328 3011329 3011330 3011331 3011332 3011333 3011334 3011335 3011336 3011337 3011338 3011339 3011340 3011341 3011342 3011343 3011344 3011345 3011346 3011347
3011521 3011522 3011523 3011524 3011525 3011526 3011527 3011528 3011529 3011530 3011531 3011532 3011533 3011534 3011535 3011536 3011537 3011538 3011539 3011540 3011541 3011542 3011543 3011544 3011545 3011546 3011547 3011548 3011549 3011550 3011551 3011552 3011553 3011554 3011555 3011556 3011557 3011558 3011559 3011560 3011561 3011562 3011563 3011564 3011565 3011566 3011567 3011568 3011569 3011570 3011571 3011572 3011573 3011574 3011575 3011576 3011577 3011578 3011579 3011580 3011581 3011582 3011583 3011584 3011585 3011586 3011587
3011761 3011762 3011763 3011764 3011765 3011766 3011767 3011768 3011769 3011770 3011771 3011772 3011773 3011774 3011775 3011776 3011777 3011778 3011779 3011780 3011781 3011782 3011783 3011784 3011785 3011786 3011787 3011788 3011789 3011790 3011791 3011792 3011793 3011794 3011795 3011796 3011797 3011798 3011799 3011800 3011801 3011802 3011803 3011804 3011805 3011806 3011807 3011808 3011809 3011810 3011811 3011812 3011813 3011814 3011815 3011816 3011817 3011818 3011819 3011820 3011821 3011822 3011823 3011824 3011825 3011826 3011827
3012001 3012002 3012003 3012004 3012005 3012006 3012007 3012008 3012009 3012010 3012011 3012012 3012013 3012014 3012015 3012016 3012017 3012018 3012019 3012020 3012021 3012022 3012023 3012024 3012025 3012026 3012027 3012028 3012029 3012030 3012031 3012032 3012033 3012034 3012035 3012036 3012037 3012038 3012039 3012040 3012041 3012042 3012043 3012044 3012045 3012046 3012047 3012048 3012049 3012050 3012051 3012052 3012053 3012054 3012055 3012056 3012057 3012058 3012059 3012060 3012061 3012062 3012063 3012064 3012065 3012066 3012067
3012241 3012242 3012243 3012244 3012245 3012246 3012247 3012248 3012249 3012250 3012251 3012252 3012253 3012254 3012255 3012256 3012257 3012258 3012259 3012260 3012261 3012262 3012263 3012264 3012265 3012266 3012267 3012268 3012269 3012270 3012271 3012272 3012273 3012274 3012275 3012276 3012277 3012278 3012279 3012280 3012281 3012282 3012283 3012284 3012285 3012286 3012287 3012288 3012289 3012290 3012291 3012292 3012293 3012294 3012295 3012296 3012297 3012298 3012299 3012300 3012301 3012302 3012303 3012304 3012305 3012306 3012307
3012481 3012482 3012483 3012484 3012485 3012486 3012487 3012488 3012489 3012490 3012491 3012492 3012493 3012494 3012495 3012496 3012497 3012498 3012499 3012500 3012501 3012502 3012503 3012504 3012505 3012506 3012507 3012508 3012509 3012510 3012511 3012512 3012513 3012514 3012515 3012516 3012517 3012518 3012519 3012520 3012521 3012522 3012523 3012524 3012525 3012526 3012527 3012528 3012529 3012530 3012531 3012532 3012533 3012534 3012535 3012536 3012537 3012538 3012539 3012540 3012541 3012542 3012543 3012544 3012545 3012546 3012547
3012721 3012722 3012723 3012724 3012725 3012726 3012727 3012728 3012729 3012730 3012731 3012732 3012733 3012734 3012735 3012736 3012737 3012738 3012739 3012740 3012741 3012742 3012743 3012744 3012745 3012746 3012747 3012748 3012749 3012750 3012751 3012752 3012753 3012754 3012755 3012756 3012757 3012758 3012759 3012760 3012761 3012762 3012763 3012764 3012765 3012766 3012767 3012768 3012769 3012770 3012771 3012772 3012773 3012774 3012775 3012776 3012777 3012778 3012779 3012780 3012781 3012782 3012783 3012784 3012785 3012786 3012787
3012961 3012962 3012963 3012964 3012965 3012966 3012967 3012968 3012969 3012970 3012971 3012972 3012973 3012974 3012975 3012976 3012977 3012978 3012979 3012980 3012981 3012982 3012983 3012984 3012985 3012986 3012987 3012988 3012989 3012990 3012991 3012992 3012993 3012994 3012995 3012996 3012997 3012998 3012999 3013000 3013001 3013002 3013003 3013004 3013005 3013006 3013007 3013008 3013009 3013010 3013011 3013012 3013013 3013014 3013015 3013016 3013017 3013018 3013019 3013020 3013021 3013022 3013023 3013024 3013025 3013026 3013027
3013201 3013202 3013203 3013204 3013205 3013206 3013207 3013208 3013209 3013210 3013211 3013212 3013213 3013214 3013215 3013216 3013217 3013218 3013219 3013220 3013221 3013222 3013223 3013224 3013225 3013226 3013227 3013228 3013229 3013230 3013231 3013232 3013233 3013234 3013235 3013236 3013237 3013238 3013239 3013240 3013241 3013242 3013243 3013244 3013245 3013246 3013247 3013248 3013249 3013250 3013251 3013252 3013253 3013254 3013255 3013256 3013257 3013258 3013259 3013260 3013261 3013262 3013263 3013264 3013265 3013266 3013267
3013441 3013442 3013443 3013444 3013445 3013446 3013447 3013448 3013449 3013450 3013451 3013452 3013453 3013454 3013455 3013456 3013457 3013458 3013459 3013460 3013461 3013462 3013463 3013464 3013465 3013466 3013467 3013468 3013469 3013470 3013471 3013472 3013473 3013474 3013475 3013476 3013477 3013478 3013479 3013480 3013481 3013482 3013483 3013484 3013485 3013486 3013487 3013488 3013489 3013490 3013491 3013492 3013493 3013494 3013495 3013496 3013497 3013498 3013499 3013500 3013501 3013502 3013503 3013504 3013505 3013506 3013507
3013681 3013682 3013683 3013684 3013685 3013686 3013687 3013688 3013689 3013690 3013691 3013692 3013693 3013694 3013695 3013696 3013697 3013698 3013699 3013700 3013701 3013702 3013703 3013704 3013705 3013706 3013707 3013708 3013709 3013710 3013711 3013712 3013713 3013714 3013715 3013716 3013717 3013718 3013719 3013720 3013721 3013722 3013723 3013724 3013725 3013726 3013727 3013728 3013729 3013730 3013731 3013732 3013733 3013734 3013735 3013736 3013737 3013738 3013739 3013740 3013741 3013742 3013743 3013744 3013745 3013746 3013747
